0000000000000000000111111111111000000000
0000000000000000001111111111111000000000
0000000000000000111111111111111000000000
0000000000000000111111111111111000000000
0000000000000001111111111111111000000000
0000000000000011111111111111111000000000
0000000000001111111111111111111000000000
0000000000001111111111111111111000000000
0000000000011111111111111111111000000000
0000000000111111111111111111111000000000
0000000000111111111111111111111000000000
0000000011111111111111111111111000000000
0000000111111111111111111111111000000000
0000001111111111111111111111111000000000
0000011111111111111111111111110000000000
0000011111111111111111111111111000000000
0000011111111111111111111111111000000000
0000010111111111111011111111111000000000
0000010111111111100011111111111000000000
0000010111111110000001111111111000000000
0000011111111000000001111111111000000000
0000011111110000000001111111111000000000
0000011111000000000001111111111000000000
0000011111000000000001111111111000000000
0000011110000000000001111111111000000000
0000011100000000000001111111111000000000
0000000000000000000001111111111000000000
0000000000000000000001111111111000000000
0000000000000000000001111111111000000000
0000000000000000000001111111111000000000
0000000000000000000001111111111000000000
0000000000000000000001111111111000000000
0000000000000000000001111111111000000000
0000000000000000000001111111111000000000
0000000000000000000001111111111000000000
0000000000000000000001111111111000000000
0000000000000000000001111111111000000000
0000000000000000000001111111111000000000
0000000000000000000001111111111000000000
0000000000000000000001111111111000000000
0000000000000000000001111111111000000000
0000000000000000000001111111111000000000
0000000000000000000001111111111000000000
0000000000000000000001111111111000000000
0000000000000000000001111111111000000000
0000000000000000000001111111111000000000
0000000000000000000001111111111000000000
0000000000000000000001111111111000000000
0000000000000000000001111111111000000000
0000000000000000000001111111111000000000
0000000000000000000001111111111000000000
0000000000000000000001111111111000000000
0000000000000000000001111111111000000000
0000000000000000000001111111111000000000
0000000000000000000001111111111000000000
0000000000000000000001111111111000000000
0000000000000000000001111111111000000000
0000000000000000000001111111111000000000
0000000000000000000001111111111000000000
0000000000000000000001111111111000000000
0000000000000000000001111111111000000000
0000000000000000000001111111111000000000
0000000000000000000001111111111000000000
0000000000000000000001111111111000000000
0000000000000000000001111111111000000000
0000000000000000000001111111111000000000
0000000000000000000001111111111000000000
0000000000000000000000000000000000000000
