0000000000000000000000000000000000000000
0000000000000000111111110000000000000000
0000000000000111111111111111100000000000
0000000000111111111111111111111000000000
0000000000111111111111111111111100000000
0000000001111111111111111111111100000000
0000000011111111111111111111111110000000
0000000111111111111111111111111110000000
0000000111111111111111111111111111000000
0000001111111111100000011111111111000000
0000011111111110000000001111111111000000
0000011101111100000000000111111111000000
0000111111111100000000000110011111000000
0000111111111000000000000010011111100000
0000000000000000000000000010011111100000
0000000000000000000000000001111111100000
0000000000000000000000000001111111100000
0000000000000000000000000001111111100000
0000000000000000000000000001111111100000
0000000000000000000000000001111111100000
0000000000000000000000000001111111100000
0000000000000000000000000001111111100000
0000000000000000000000000011111111100000
0000000000000000000000000011111111000000
0000000000000000000000000111111111000000
0000000000000000000000001111111111000000
0000000000000000000000011111111110000000
0000000000000000000000111111111110000000
0000000000001111111111111111111100000000
0000000000001111111111111111111100000000
0000000000001111111111111111110000000000
0000000000001111111111111111110000000000
0000000000001111111111111111110000000000
0000000000001111111111111111111100000000
0000000000001111111111111111111110000000
0000000000001111111111111111111110000000
0000000000001111111111111111111111000000
0000000000000000000001111111111111000000
0000000000000000000000011111111111100000
0000000000000000000000000011111111100000
0000000000000000000000000011111111100000
0000000000000000000000000001111111100000
0000000000000000000000000001111111100000
0000000000000000000000000001111111100000
0000000000000000000000000001111111100000
0000000000000000000000000001111111100000
0000000000000000000000000001111111100000
0000000000000000000000000000111111100000
0000000000000000000000000001111111110000
0000000000000000000000000001111111100000
0000000000000000000000000001111111100000
0000000000000000000000000001111111100000
0000000000000000000000000001111111100000
0000000000000000000000000001111111100000
0000000000000000000000000001111111100000
0011111111100000000000000001111111100000
0011111111110000000000000011111111100000
0011111111111000000000000011111111100000
0011111111111111000000001111111111100000
0001111111111111111111111111111111000000
0001111111111111111111111111111111000000
0001111111111111111111111111111110000000
0000111111111111111111111111111100000000
0000001111111111111111111111111000000000
0000000011111111111111111111100000000000
0000000000011111111111111000000000000000
0000000000000001111111100000000000000000
0000000000000000000000000000000000000000
