0000000000000000000000000000000000000000
0011111111111111111111111111111110000000
0011111111111111111111111111111110000000
0011111111111111111111111111111110000000
0011111111111111111111111111111110000000
0111111111111111111111111111111110000000
0111111111111111111111111111111110000000
0111111111111111111111111111111110000000
0111111110000000000000000000000000000000
0011111110000000000000000000000000000000
0011111110000000000000000000000000000000
0011111110000000000000000000000000000000
0011111110000000000000000000000000000000
0111111110000000000000000000000000000000
0111111110000000000000000000000000000000
0111111110000000000000000000000000000000
0111111110000000000000000000000000000000
0111111110000000000000000000000000000000
0111111110000000000000000000000000000000
0111111110000000000000000000000000000000
0111111110000000000000000000000000000000
0111111111000000000000000000000000000000
0111111111000000000000000000000000000000
0111111111000000000000000000000000000000
0111111111000000000000000000000000000000
0111111111000000000000000000000000000000
0111111111000011111100000000000000000000
0111111111111111111111110000000000000000
0111111111111111111111110000000000000000
0111111111111111111111111111000000000000
0111111111111111111111111111100000000000
0111111111111111111111111111111000000000
0111111111111111111111111111111100000000
0111111111111111111111111111111100000000
0111111111111111111111111111111110000000
0111111111111111111111111111111111000000
0111111111111111111111111111111111000000
0011111111111100000000001111111111100000
0011111111111000000000000011111111110000
0011111111110000000000000011111111110000
0011111111100000000000000001111111110000
0000000000000000000000000001111111110000
0000000000000000000000000001111111111000
0000000000000000000000000000111111111000
0000000000000000000000000000111111111000
0000000000000000000000000000111111111000
0000000000000000000000000000111111111000
0000000000000000000000000000111111111000
0000000000000000000000000000111111111000
0000000000000000000000000000111111111000
0000000000000000000000000000111111111000
0000000000000000000000000001111111111000
0000000000000000000000000001111111111000
0000000000000000000000000011111111110000
0000000000000000000000000011111111110000
0000000000000000000000001111111111110000
0000000000000000000000111111111111110000
0000000000000000000011111111111111100000
0000000000000000001111111111111111100000
0000000000000000001111111111111111000000
0000000000000000001111111111111111000000
0000000000000000001111111111111100000000
0000000000000000001111111111111100000000
0000000000000000001111111111111000000000
0000000000000000001111111111110000000000
0000000000000000001111111111100000000000
0000000000000000001111111111100000000000
0000000000000000001111111110000000000000
