0000000000000000000000000000000000000000
0000000000000000000000000011111111100000
0000000000000000000000000111111111000000
0000000000000000000000001111111110000000
0000000000000000000000011111111100000000
0000000000000000000000111111111000000000
0000000000000000000001111111110000000000
0000000000000000000011111111100000000000
0000000000000000000111111111000000000000
0000000000000000001111111110000000000000
0000000000000000011111111100000000000000
0000000000000000111111111000000000000000
0000000000000001111111110000000000000000
0000000000000011111111100000000000000000
0000000000000011111111100000000000000000
0000000000000111111111000000000000000000
0000000000001111111110000000000000000000
0000000000001111111110000000000000000000
0000000000011111111100000000000000000000
0000000000011111111100000000000000000000
0000000000111111111000000000000000000000
0000000001111111110000000000000000000000
0000000011111111100000000000000000000000
0000000011111111100000000000000000000000
0000000111111111000000000000000000000000
0000001111111111000000000000000000000000
0000011111111111100000000000000000000000
0000011111111111111000000000000000000000
0000111111111111111111000000000000000000
0000111111111111111111110000000000000000
0001111111111111111111111100000000000000
0001111111111111111111111111000000000000
0011111111111111111111111111100000000000
0111111111111111111111111111110000000000
0111111111111111111111111111111000000000
0111111111111111111111111111111100000000
0111111111111111111111111111111110000000
1111111111111111111111111111111111000000
1111111111111110000111111111111111000000
1111111111111000000001111111111111100000
1111111111100000000000011111111111100000
1111111110000000000000000111111111100000
1111111110000000000000000111111111110000
1111111110000000000000000011111111110000
1111111110000000000000000001111111110000
0111111111000000000000000000111111111000
0111111111000000000000000000111111111000
0111111111000000000000000000011111111100
0111111111100000000000000000001111111100
0111111111110000000000000000001111111110
0111111111110000000000000000001111111110
0111111111110000000000000000001111111110
0011111111111000000000000000001111111110
0011111111111100000000000000001111111110
0001111111111110000000000000001111111110
0001111111111111000000000000001111111110
0000111111111111100000000000001111111110
0000011111111111110000000000011111111110
0000011111111111111000000000111111111110
0000001111111111111110000001111111111110
0000001111111111111111111111111111111100
0000000111111111111111111111111111111100
0000000011111111111111111111111111111000
0000000011111111111111111111111111100000
0000000001111111111111111111111111000000
0000000000111111111111111111111100000000
0000000000000001111111111111100000000000
0000000000000000000000000000000000000000
